8856666: 907 50 5 344 39
17530866: 3 24 944 30 687
115597439: 7 96 610 47 6
59978: 6 5 678 87 35
2529602475: 951 603 153 5 882 8 7
2733976483: 7 9 41 75 261 565 918
342498826656: 258 994 6 687 54 6
52920: 4 9 6 16 699 1 6 6 2
42574479: 4 771 5 4 9 5 5 3 6 146 3
39398867885: 6 638 79 6 147 1 1 9 8 7
35720: 663 97 47
242251: 96 9 25 4
237373235: 63 238 73 6 6 5 9 8 6 5 5
41911385211: 98 6 3 2 6 651 5 860 9 6
370930563: 6 618 1 30 508 55
64746000: 181 6 3 99 96 3 8 75
208599437: 5 6 9 18 1 9 3 910 7 9 72
14164484: 30 5 7 368 3 47 97 4 9 5
3608: 900 4 8